5.067540878599340326e-01
6.675183615901253420e-01
7.264221863313155003e-01
7.658813747492703161e-01
7.851718398657712150e-01
8.051552106033671441e-01
8.089280762455680618e-01
8.135757343335585645e-01
8.205272999676791468e-01
8.343057090585882518e-01
8.389620287851853320e-01
8.388598252426494595e-01
8.443822752345692129e-01
8.522294207052750759e-01
8.550131651488217521e-01
8.610448999838395956e-01
8.655730317939411833e-01
8.680276464332233877e-01
8.692125136202032420e-01
8.770527297800237987e-01
