1.501842086423527123e+00
8.779614394361322516e-01
7.587313121015375472e-01
6.793436771089380599e-01
6.268235989592292334e-01
5.851282125169580128e-01
5.576031701131300977e-01
5.488148916851390835e-01
5.271609262986616251e-01
4.922239975495771858e-01
4.754558842290531606e-01
4.733569199388677484e-01
4.570798388936302969e-01
4.402024568481878730e-01
4.322568841955878316e-01
4.122864728624170416e-01
4.013057471676306220e-01
3.826757047664035571e-01
3.818498322909528730e-01
3.696211527694355237e-01
